year,team_id,team_name,wins,losses,ties,total_games
2012,929,Adams St.,5,8,0,13
2012,3,Adelphi,13,3,0,16
2012,4,Adrian,17,2,0,19
2012,721,Air Force,6,7,0,13
2012,14,Albany (NY),5,11,0,16
2012,15,Albion,6,10,0,16
2012,16,Albright,16,3,0,19
2012,18,Alfred,4,11,0,15
2012,21,Alma,0,14,0,14
2012,938,Alvernia,5,11,0,16
2012,22,American Int'l,0,14,0,14
2012,24,Amherst,9,7,0,16
2012,26,Anna Maria,10,8,0,18
2012,725,Army,7,8,0,15
2012,36,Assumption,3,11,0,14
2012,40,Augustana (IL),8,6,0,14
2012,42,Aurora,13,4,0,17
2012,45,Babson,10,7,0,17
2012,50,Bates,4,9,0,13
2012,26107,Becker,4,12,0,16
2012,52,Bellarmine,4,8,0,12
2012,2683,Belmont Abbey,5,11,0,16
2012,56,Bentley,5,9,0,14
2012,973,Berry,6,9,0,15
2012,59,Bethany (WV),1,12,0,13
2012,62,Binghamton,4,9,0,13
2012,28593,Birmingham-So.,14,5,0,19
2012,69,Bowdoin,14,6,0,20
2012,78,Brockport,5,10,0,15
2012,80,Brown,7,8,0,15
2012,81,Bryant,14,4,0,18
2012,83,Bucknell,9,7,0,16
2012,362,LIU Post,6,6,0,12
2012,88,Cabrini,17,3,0,20
2012,116,Canisius,6,8,0,14
2012,121,Carthage,11,5,0,16
2012,123,Castleton,11,9,0,20
2012,1001,Catawba,14,3,0,17
2012,124,Catholic,9,6,0,15
2012,23624,Cazenovia,7,8,0,15
2012,12884,Centenary (NJ),6,9,0,15
2012,132,Centre,12,4,0,16
2012,21323,Chestnut Hill,8,6,0,14
2012,139,Chris. Newport,6,9,0,15
2012,145,Clark (MA),6,8,0,14
2012,146,Clarkson,9,6,0,15
2012,30083,Cobleskill St.,3,11,0,14
2012,1023,Coker,2,14,0,16
2012,151,Colby,9,5,0,14
2012,153,Colgate,14,4,0,18
2012,154,Colorado Col.,12,3,0,15
2012,1036,Concordia (WI),9,7,0,16
2012,163,Connecticut Col.,10,7,0,17
2012,167,Cornell,9,4,0,13
2012,170,Curry,10,8,0,18
2012,1044,Dallas,1,12,0,13
2012,2691,Daniel Webster,4,9,0,13
2012,172,Dartmouth,5,9,0,14
2012,180,Delaware,6,9,0,15
2012,182,Denison,15,2,0,17
2012,183,Denver,9,7,0,16
2012,20,DeSales,6,9,0,15
2012,184,Detroit,6,9,0,15
2012,185,Dickinson,15,4,0,19
2012,30118,Dominican (CA),7,6,0,13
2012,8956,Dominican (NY),1,13,0,14
2012,2692,Dowling,13,2,0,15
2012,190,Drew,13,4,0,17
2012,191,Drexel,8,8,0,16
2012,193,Duke,15,5,0,20
2012,8968,Eastern,13,5,0,18
2012,200,Eastern Conn. St.,12,6,0,18
2012,211,Elizabethtown,7,8,0,15
2012,213,Elmira,3,10,0,13
2012,214,Emerson,1,9,0,10
2012,215,Emmanuel (MA),7,9,0,16
2012,8981,Endicott,11,9,0,20
2012,220,Fairfield,12,4,0,16
2012,27892,Farmingdale St.,6,9,0,15
2012,221,FDU-Florham,8,8,0,16
2012,225,Ferrum,6,9,0,15
2012,233,Fla. Southern,10,6,0,16
2012,230,Florida Tech,2,12,0,14
2012,11538,Fontbonne,8,8,0,16
2012,239,Frank. & Marsh.,10,5,0,15
2012,241,Franklin Pierce,7,6,0,13
2012,243,Frostburg St.,2,15,0,17
2012,251,Georgetown,7,6,0,13
2012,258,Gettysburg,11,7,0,18
2012,1099,Gordon,8,8,0,16
2012,1467,Goucher,18,2,0,20
2012,11062,Green Mountain,0,11,0,11
2012,263,Greensboro,8,8,0,16
2012,1112,Guilford,6,9,0,15
2012,12399,Gwynedd-Mercy,10,6,0,16
2012,267,Hamilton,9,6,0,15
2012,269,Hampden-Sydney,9,7,0,16
2012,1115,Hanover,4,12,0,16
2012,272,Hartford,6,9,0,15
2012,273,Hartwick,7,8,0,15
2012,275,Harvard,6,8,0,14
2012,276,Haverford,6,8,0,14
2012,1124,Hendrix,5,10,0,15
2012,8398,Hilbert,5,7,0,12
2012,282,Hobart,4,9,0,13
2012,283,Hofstra,6,8,0,14
2012,285,Holy Cross,5,10,0,15
2012,8404,Hood,4,13,0,17
2012,1130,Huntingdon,5,9,0,14
2012,1133,Husson,11,9,0,20
2012,303,Immaculata,3,12,0,15
2012,313,Ithaca,12,6,0,18
2012,316,Jacksonville,6,7,0,13
2012,322,Johns Hopkins,12,4,0,16
2012,324,Johnson St.,4,9,0,13
2012,329,Kean,12,6,0,18
2012,330,Keene St.,10,6,0,16
2012,335,Kenyon,10,5,0,15
2012,1159,Keuka,11,4,0,15
2012,336,King's (PA),7,8,0,15
2012,1163,La Roche,5,12,0,17
2012,342,Lafayette,3,10,0,13
2012,2746,Lake Erie,7,7,0,14
2012,8486,Lasell,12,5,0,17
2012,349,Le Moyne,17,1,0,18
2012,351,Lebanon Valley,9,6,0,15
2012,13302,Lees-McRae,1,10,0,11
2012,352,Lehigh,14,3,0,17
2012,1170,Lenoir-Rhyne,5,10,0,15
2012,1174,Limestone,17,2,0,19
2012,30136,Lindenwood (MO),8,7,0,15
2012,369,Loyola Maryland,18,1,0,19
2012,373,Lycoming,7,8,0,15
2012,374,Lynchburg,17,2,0,19
2012,30065,Lyndon St.,3,8,0,11
2012,378,Maine Maritime,6,9,0,15
2012,381,Manhattan,5,9,0,14
2012,382,Manhattanville,4,11,0,15
2012,386,Marist,6,8,0,14
2012,1199,Mars Hill,11,3,0,14
2012,390,Mary Washington,10,5,0,15
2012,392,Maryland,12,6,0,18
2012,394,Marymount (VA),5,11,0,16
2012,397,Marywood,10,8,0,18
2012,399,Mass. Maritime,7,9,0,16
2012,401,Mass.-Boston,3,13,0,16
2012,656,Mass.-Dartmouth,10,6,0,16
2012,400,Massachusetts,15,1,0,16
2012,773,McDaniel,11,7,0,18
2012,379,Me.-Farmington,2,11,0,13
2012,23725,Medaille,8,8,0,16
2012,406,Mercer,1,13,0,14
2012,724,Merchant Marine,4,11,0,15
2012,407,Mercy,6,7,0,13
2012,408,Mercyhurst,13,1,0,14
2012,410,Merrimack,13,3,0,16
2012,11416,Colorado Mesa,9,4,0,13
2012,411,Messiah,7,8,0,15
2012,418,Michigan,1,13,0,14
2012,420,Middlebury,4,9,0,13
2012,426,Millsaps,3,11,0,14
2012,20220,MSOE,1,10,0,11
2012,16142,Misericordia,11,5,0,16
2012,398,MIT,7,8,0,15
2012,30042,Mitchell,5,7,0,12
2012,437,Molloy,7,9,0,16
2012,442,Montclair St.,11,6,0,17
2012,30067,Morrisville St.,11,5,0,16
2012,27901,Mount Ida,15,5,0,20
2012,8567,Mt. St. Joseph,9,8,0,17
2012,1468,Mt. St. Mary (NY),7,9,0,16
2012,450,Mt. St. Mary's,6,9,0,15
2012,451,Mt. St. Vincent,7,10,0,17
2012,453,Muhlenberg,2,12,0,14
2012,726,Navy,6,6,0,12
2012,461,Nazareth,8,9,0,17
2012,1254,Neumann,6,10,0,16
2012,467,New England Col.,12,7,0,19
2012,484,Nichols,7,9,0,16
2012,457,North Carolina,11,6,0,17
2012,511,Norwich,11,7,0,18
2012,513,Notre Dame,13,3,0,16
2012,30056,Notre Dame de Namur,1,12,0,13
2012,477,NYIT,13,3,0,16
2012,515,Oberlin,5,11,0,16
2012,2713,Oglethorpe,1,13,0,14
2012,518,Ohio St.,8,7,0,15
2012,15207,Ohio Valley,3,7,0,10
2012,520,Ohio Wesleyan,11,5,0,16
2012,526,SUNY Oneonta,5,10,0,15
2012,530,Oswego St.,8,6,0,14
2012,531,Otterbein,9,6,0,15
2012,533,Pace,5,10,0,15
2012,540,Penn,3,10,0,13
2012,539,Penn St.,9,6,0,15
2012,30114,Penn St.-Abington,0,13,0,13
2012,542,Pfeiffer,12,6,0,18
2012,21830,Piedmont,5,7,0,12
2012,547,Plattsburgh St.,11,7,0,18
2012,548,Plymouth St.,10,6,0,16
2012,554,Princeton,11,5,0,16
2012,556,Providence,2,12,0,14
2012,11504,Queens (NC),8,6,0,14
2012,562,Quinnipiac,3,11,0,14
2012,566,Randolph,3,12,0,15
2012,565,Randolph-Macon,9,8,0,17
2012,569,Regis (MA),4,11,0,15
2012,570,Rensselaer,10,5,0,15
2012,573,Rhodes,2,10,0,12
2012,681,Richard Stockton,7,9,0,16
2012,18422,Rivier,4,10,0,14
2012,578,Roanoke,11,4,0,15
2012,579,Robert Morris,11,4,0,15
2012,580,Rochester Inst.,16,3,0,19
2012,583,Roger Williams,10,6,0,16
2012,584,Rollins,3,12,0,15
2012,15882,Rosemont,0,14,0,14
2012,587,Rutgers,6,9,0,15
2012,590,Sacred Heart,4,9,0,13
2012,621,Salem St.,4,12,0,16
2012,622,Salisbury,23,0,0,23
2012,623,Salve Regina,1,6,0,7
2012,633,Scranton,9,7,0,16
2012,30063,Seton Hill,12,4,0,16
2012,652,Sewanee,12,5,0,17
2012,637,Shenandoah,2,14,0,16
2012,639,Siena,11,5,0,16
2012,642,Skidmore,5,10,0,15
2012,662,Southern Me.,6,10,0,16
2012,468,Southern N.H.,3,11,0,14
2012,8746,Southwestern (TX),5,11,0,16
2012,673,Springfield,14,4,0,18
2012,593,St. Anselm,8,7,0,15
2012,601,St. John Fisher,11,5,0,16
2012,603,St. John's (NY),8,7,0,15
2012,606,Saint Joseph's,6,9,0,15
2012,605,St. Joseph's (ME),8,10,0,18
2012,607,St. Lawrence,12,3,0,15
2012,608,Saint Leo,7,7,0,14
2012,611,St. Mary's (MD),10,6,0,16
2012,613,Saint Michael's,11,5,0,16
2012,1347,Saint Rose,7,6,0,13
2012,30064,Saint Vincent,6,9,0,15
2012,679,Stevens,17,3,0,20
2012,21852,Stevenson,18,5,0,23
2012,683,Stony Brook,7,10,0,17
2012,168,SUNY Cortland,21,1,0,22
2012,247,SUNY Geneseo,6,8,0,14
2012,478,SUNY Maritime,3,13,0,16
2012,552,SUNY Potsdam,5,8,0,13
2012,9500,SUNYIT,2,12,0,14
2012,685,Susquehanna,9,7,0,16
2012,686,Swarthmore,5,10,0,15
2012,688,Syracuse,9,8,0,17
2012,689,Tampa,11,5,0,16
2012,707,Thiel,3,11,0,14
2012,2758,Thomas (ME),4,11,0,15
2012,711,Towson,7,8,0,15
2012,30037,Trine,7,7,0,14
2012,713,Trinity (CT),11,7,0,18
2012,717,Tufts,18,3,0,21
2012,1255,U New England,10,10,0,20
2012,391,UMBC,5,8,0,13
2012,727,Union (NY),13,5,0,18
2012,730,Ursinus,6,9,0,15
2012,733,Utica,8,8,0,16
2012,745,Va. Wesleyan,10,7,0,17
2012,737,Vassar,3,10,0,13
2012,738,Vermont,2,12,0,14
2012,739,Villanova,8,7,0,15
2012,746,Virginia,12,4,0,16
2012,741,VMI,4,10,0,14
2012,748,Wagner,1,13,0,14
2012,751,Wash. & Jeff.,5,11,0,16
2012,752,Wash. & Lee,10,9,0,19
2012,753,Washington Col.,11,6,0,17
2012,761,Wells,3,11,0,14
2012,762,Wentworth Inst.,2,11,0,13
2012,763,Wesley,2,12,0,14
2012,764,Wesleyan (CT),9,6,0,15
2012,770,Western Conn. St.,9,7,0,16
2012,775,Western New Eng.,13,5,0,18
2012,779,Wheaton (MA),11,5,0,16
2012,12799,Wheeling Jesuit,8,8,0,16
2012,8896,Wheelock,0,10,0,10
2012,781,Whittier,6,5,0,11
2012,783,Widener,9,8,0,17
2012,789,Williams,3,10,0,13
2012,1462,Wingate,4,10,0,14
2012,806,Wittenberg,8,5,0,13
2012,807,Wooster,6,9,0,15
2012,813,Yale,11,5,0,16
2012,815,York (PA),9,7,0,16
