year,team_id,team_name,wins,losses,ties,total_games
2018,929,Adams St.,2,2,10,14
2018,3,Adelphi,3,1,9,13
2018,4,Adrian,0,4,10,14
2018,721,Air Force,3,5,7,15
2018,10,Ala.-Huntsville,6,2,6,14
2018,14,Albany (NY),6,0,8,14
2018,2798,Albertus Magnus,0,1,13,14
2018,15,Albion,2,4,9,15
2018,16,Albright,2,4,9,15
2018,934,Alderson Broaddus,0,3,8,11
2018,18,Alfred,4,2,9,15
2018,30170,Alfred St.,1,4,9,14
2018,21,Alma,2,6,9,17
2018,938,Alvernia,0,5,11,16
2018,22,American Int'l,1,5,10,16
2018,24,Amherst,4,1,10,15
2018,26,Anna Maria,2,3,12,17
2018,966,Arcadia,3,1,11,15
2018,725,Army West Point,5,2,6,13
2018,36,Assumption,3,0,10,13
2018,40,Augustana (IL),5,3,8,16
2018,42,Aurora,5,1,12,18
2018,44,Averett,0,6,5,11
2018,45,Babson,3,3,10,16
2018,46,Baldwin Wallace,4,2,8,14
2018,962,Bard,2,3,10,15
2018,50,Bates,3,3,9,15
2018,26107,Becker,1,2,11,14
2018,52,Bellarmine,2,5,6,13
2018,2683,Belmont Abbey,5,3,7,15
2018,53,Beloit,3,2,11,16
2018,296,Benedictine (IL),2,4,11,17
2018,56,Bentley,1,2,10,13
2018,973,Berry,7,3,5,15
2018,59,Bethany (WV),1,4,11,16
2018,62,Binghamton,1,8,7,16
2018,28593,Birmingham-So.,7,3,5,15
2018,68,Boston U.,4,4,7,15
2018,69,Bowdoin,1,2,11,14
2018,30094,Brevard,7,2,4,13
2018,75,Bridgewater (VA),5,3,8,16
2018,78,Brockport,2,4,7,13
2018,80,Brown,2,3,9,14
2018,81,Bryant,3,5,6,14
2018,30188,Bryn Athyn,1,3,10,14
2018,83,Bucknell,5,2,7,14
2018,88,Cabrini,6,0,9,15
2018,114,Calvin,2,5,10,17
2018,116,Canisius,3,2,9,14
2018,117,Capital,2,3,9,14
2018,120,Carroll (WI),2,3,10,15
2018,121,Carthage,6,1,10,17
2018,123,Castleton,0,3,13,16
2018,1001,Catawba,4,3,7,14
2018,124,Catholic,6,3,7,16
2018,23624,Cazenovia,0,3,10,13
2018,12884,Centenary (NJ),1,2,9,12
2018,132,Centre,3,4,7,14
2018,134,Chapman,0,0,1,1
2018,10972,Chatham,4,1,10,15
2018,21323,Chestnut Hill,1,3,10,14
2018,8875,Chowan,3,5,7,15
2018,139,Chris. Newport,7,0,9,16
2018,145,Clark (MA),4,2,9,15
2018,146,Clarkson,3,1,10,14
2018,148,Cleveland St.,2,7,5,14
2018,451,CMSV,1,1,10,12
2018,722,Coast Guard,4,1,11,16
2018,30083,Cobleskill St.,2,2,10,14
2018,1023,Coker,3,4,7,14
2018,151,Colby,1,1,10,12
2018,153,Colgate,5,3,6,14
2018,154,Colorado Col.,6,1,8,15
2018,11416,Colorado Mesa,7,2,8,17
2018,2720,Colorado St.-Pueblo,3,2,9,14
2018,160,Concordia Chicago,1,6,11,18
2018,1036,Concordia Wisconsin,3,4,10,17
2018,163,Connecticut Col.,4,1,10,15
2018,167,Cornell,3,3,8,14
2018,166,Cornell College,3,2,9,14
2018,170,Curry,3,2,10,15
2018,1044,Dallas,4,5,4,13
2018,172,Dartmouth,2,3,8,13
2018,174,Davis & Elkins,0,4,8,12
2018,30219,Dean,4,1,7,12
2018,180,Delaware,3,4,6,13
2018,179,Delaware Valley,1,4,11,16
2018,182,Denison,5,2,9,16
2018,183,Denver,5,2,6,13
2018,177,DePauw,3,5,9,17
2018,20,DeSales,1,4,10,15
2018,184,Detroit Mercy,3,5,6,14
2018,185,Dickinson,5,2,9,16
2018,186,Dist. Columbia,6,1,8,15
2018,8956,Dominican (NY),0,5,9,14
2018,190,Drew,1,5,8,14
2018,191,Drexel,3,4,6,13
2018,192,Dubuque,4,3,10,17
2018,193,Duke,8,1,6,15
2018,195,Earlham,0,4,10,14
2018,8968,Eastern,2,4,10,16
2018,200,Eastern Conn. St.,3,3,9,15
2018,211,Elizabethtown,3,3,10,16
2018,212,Elmhurst,5,1,9,15
2018,213,Elmira,0,3,9,12
2018,9680,Embry-Riddle (FL),1,6,6,13
2018,214,Emerson,3,1,12,16
2018,30193,Emmanuel (GA),0,9,6,15
2018,215,Emmanuel (MA),0,5,11,16
2018,8981,Endicott,0,3,12,15
2018,220,Fairfield,2,6,7,15
2018,27892,Farmingdale St.,4,3,10,17
2018,221,FDU- Florham,2,1,11,14
2018,23157,Felician,0,5,7,12
2018,225,Ferrum,5,7,5,17
2018,233,Fla. Southern,4,3,8,15
2018,230,Florida Tech,2,4,8,14
2018,11538,Fontbonne,1,6,8,15
2018,30069,Franciscan,2,3,8,13
2018,239,Franklin & Marshall,6,1,9,16
2018,241,Franklin Pierce,3,0,10,13
2018,243,Frostburg St.,4,4,9,17
2018,244,Furman,1,6,6,13
2018,251,Georgetown,6,1,7,14
2018,9004,Georgian Court,4,3,8,15
2018,258,Gettysburg,7,1,8,16
2018,1099,Gordon,2,3,10,15
2018,1467,Goucher,5,4,7,16
2018,11062,Green Mountain,0,3,8,11
2018,263,Greensboro,7,4,6,17
2018,265,Grove City,2,2,10,14
2018,1112,Guilford,7,2,8,17
2018,12399,Gwynedd Mercy,3,2,8,13
2018,267,Hamilton,1,4,10,15
2018,269,Hampden-Sydney,6,2,8,16
2018,270,Hampton,2,4,7,13
2018,1115,Hanover,1,6,9,16
2018,272,Hartford,2,4,7,13
2018,273,Hartwick,2,1,10,13
2018,275,Harvard,5,1,7,13
2018,276,Haverford,3,3,9,15
2018,278,Heidelberg,5,2,10,17
2018,1124,Hendrix,5,6,5,16
2018,19651,High Point,1,6,6,13
2018,8398,Hilbert,1,2,11,14
2018,281,Hiram,4,2,8,14
2018,282,Hobart and William Smith,3,4,7,14
2018,283,Hofstra,4,2,7,13
2018,285,Holy Cross,1,6,6,13
2018,8404,Hood,6,1,9,16
2018,286,Hope,5,1,9,15
2018,30160,Houghton,0,4,11,15
2018,1130,Huntingdon,9,1,7,17
2018,1133,Husson,0,2,7,9
2018,300,Ill. Wesleyan,4,2,11,17
2018,303,Immaculata,2,5,9,16
2018,313,Ithaca,5,0,10,15
2018,316,Jacksonville,3,4,6,13
2018,320,John Carroll,3,2,10,15
2018,322,Johns Hopkins,5,2,6,13
2018,30046,Johnson & Wales (CO),0,3,5,8
2018,22626,Johnson & Wales (RI),1,5,11,17
2018,324,Johnson St.,0,2,8,10
2018,326,Kalamazoo,0,4,9,13
2018,329,Kean,3,2,12,17
2018,330,Keene St.,3,2,9,14
2018,335,Kenyon,5,2,7,14
2018,1159,Keuka,2,1,11,14
2018,30047,Keystone,0,4,9,13
2018,336,King's (PA),2,3,9,14
2018,1163,La Roche,0,6,8,14
2018,342,Lafayette,2,7,6,15
2018,2746,Lake Erie,3,1,9,13
2018,8486,Lasell,0,3,12,15
2018,349,Le Moyne,5,0,10,15
2018,351,Lebanon Valley,4,3,10,17
2018,13302,Lees-McRae,1,2,5,8
2018,352,Lehigh,6,2,6,14
2018,1170,Lenoir-Rhyne,8,1,7,16
2018,1174,Limestone,5,3,9,17
2018,1176,Lincoln Memorial,8,1,7,16
2018,30136,Lindenwood (MO),3,3,8,14
2018,362,LIU Post,2,2,8,12
2018,369,Loyola Maryland,5,2,6,13
2018,373,Lycoming,3,3,9,15
2018,374,Lynchburg,3,5,9,17
2018,30065,Lyndon St.,1,4,9,14
2018,20794,Lynn,7,1,7,15
2018,378,Maine Maritime,0,2,9,11
2018,381,Manhattan,3,5,6,14
2018,382,Manhattanville,4,1,11,16
2018,1196,Marian (WI),2,6,10,18
2018,386,Marist,1,8,6,15
2018,387,Marquette,3,3,7,13
2018,1199,Mars Hill,1,7,6,14
2018,390,Mary Washington,4,4,8,16
2018,392,Maryland,6,1,6,13
2018,394,Marymount (VA),2,6,9,17
2018,395,Maryville (MO),3,8,5,16
2018,397,Marywood,3,4,8,15
2018,399,Mass. Maritime,1,1,11,13
2018,400,Massachusetts,4,4,6,14
2018,773,McDaniel,5,3,8,16
2018,23725,Medaille,0,1,10,11
2018,406,Mercer,2,6,6,14
2018,724,Merchant Marine,5,0,9,14
2018,407,Mercy,5,1,8,14
2018,408,Mercyhurst,5,1,8,14
2018,410,Merrimack,4,0,10,14
2018,411,Messiah,2,4,9,15
2018,412,Methodist,2,5,7,14
2018,418,Michigan,5,2,7,14
2018,420,Middlebury,2,2,11,15
2018,16142,Misericordia,5,0,9,14
2018,398,MIT,4,1,11,16
2018,30042,Mitchell,0,4,9,13
2018,437,Molloy,2,3,9,14
2018,439,Monmouth,3,4,7,14
2018,438,Monmouth (IL),4,1,10,15
2018,442,Montclair St.,2,2,11,15
2018,1238,Montevallo,5,3,6,14
2018,443,Moravian,2,3,9,14
2018,30067,Morrisville St.,0,6,11,17
2018,27901,Mount Ida,0,4,11,15
2018,1245,Mount Olive,8,2,5,15
2018,452,Mount Union,3,3,9,15
2018,20220,MSOE,5,1,10,16
2018,8567,Mt. St. Joseph,0,5,9,14
2018,1468,Mt. St. Mary (NY),3,4,10,17
2018,450,Mt. St. Mary's,3,5,6,14
2018,453,Muhlenberg,7,0,9,16
2018,455,Muskingum,3,3,10,16
2018,726,Navy,4,4,5,13
2018,461,Nazareth,1,5,11,17
2018,1254,Neumann,1,5,9,15
2018,467,New England Col.,1,4,11,16
2018,1257,Newberry,4,4,7,15
2018,484,Nichols,5,1,11,17
2018,471,NJIT,0,9,7,16
2018,457,North Carolina,6,3,5,14
2018,492,North Central (IL),3,3,10,16
2018,30039,North Central (MN),0,5,8,13
2018,9223,North Greenville,4,4,7,15
2018,1267,Northland,2,6,7,15
2018,30031,Northwestern-St. Paul,1,3,9,13
2018,511,Norwich,2,2,11,15
2018,513,Notre Dame,4,1,7,12
2018,30056,Notre Dame de Namur,1,6,3,10
2018,477,NYIT,4,4,7,15
2018,515,Oberlin,5,1,9,15
2018,2713,Oglethorpe,1,7,4,12
2018,517,Ohio Northern,6,1,9,16
2018,518,Ohio St.,5,3,6,14
2018,15207,Ohio Valley,1,4,7,12
2018,520,Ohio Wesleyan,6,2,8,16
2018,525,Olivet,0,5,9,14
2018,530,Oswego St.,3,1,10,14
2018,531,Otterbein,2,5,10,17
2018,533,Pace,3,1,9,13
2018,30045,Palm Beach Atl.,4,6,6,16
2018,540,Penn,4,3,7,14
2018,539,Penn St.,5,3,6,14
2018,542,Pfeiffer,5,3,5,13
2018,21830,Piedmont,6,5,5,16
2018,547,Plattsburgh St.,1,4,9,14
2018,548,Plymouth St.,1,2,12,15
2018,1318,Post,0,6,8,14
2018,554,Princeton,3,3,7,13
2018,556,Providence,3,5,7,15
2018,30029,Purchase,2,3,9,14
2018,11504,Queens (NC),2,4,8,14
2018,562,Quinnipiac,4,3,7,14
2018,566,Randolph,0,7,10,17
2018,565,Randolph-Macon,3,5,9,17
2018,569,Regis (MA),2,2,11,15
2018,570,Rensselaer,4,1,10,15
2018,573,Rhodes,6,1,7,14
2018,575,Richmond,4,4,6,14
2018,580,RIT,6,0,10,16
2018,18422,Rivier,0,4,10,14
2018,578,Roanoke,6,1,9,16
2018,579,Robert Morris,5,2,7,14
2018,30150,Roberts Wesleyan,4,4,8,16
2018,1328,Rockhurst,8,1,8,17
2018,583,Roger Williams,3,3,9,15
2018,584,Rollins,2,3,8,13
2018,15882,Rosemont,0,5,9,14
2018,587,Rutgers,6,2,6,14
2018,590,Sacred Heart,4,4,6,14
2018,606,Saint Joseph's,3,3,7,13
2018,608,Saint Leo,6,1,7,14
2018,613,Saint Michael's,2,2,10,14
2018,1347,Saint Rose,1,4,10,15
2018,30064,Saint Vincent,4,3,10,17
2018,621,Salem St.,1,3,11,15
2018,622,Salisbury,6,2,9,17
2018,623,Salve Regina,5,2,9,16
2018,633,Scranton,6,3,8,17
2018,30063,Seton Hill,6,1,8,15
2018,652,Sewanee,4,4,7,15
2018,637,Shenandoah,3,5,8,16
2018,30151,Shorter,1,8,6,15
2018,639,Siena,2,3,7,12
2018,642,Skidmore,3,4,9,16
2018,662,Southern Me.,1,2,11,14
2018,468,Southern N.H.,2,2,11,15
2018,30164,Southern Va.,6,3,8,17
2018,8746,Southwestern (TX),7,6,3,16
2018,673,Springfield,4,2,10,16
2018,593,St. Anselm,1,1,10,12
2018,601,St. John Fisher,4,2,10,16
2018,603,St. John's (NY),5,2,7,14
2018,1340,St. Joseph's (L.I.),2,2,9,13
2018,605,St. Joseph's (ME),1,4,11,16
2018,607,St. Lawrence,3,1,11,15
2018,611,St. Mary's (MD),3,5,9,17
2018,1348,St. Thomas Aquinas,1,3,10,14
2018,679,Stevens,5,1,10,16
2018,21852,Stevenson,0,5,12,17
2018,681,Stockton,2,2,10,14
2018,683,Stony Brook,2,5,7,14
2018,30165,SUNY Canton,5,1,8,14
2018,168,SUNY Cortland,4,2,10,16
2018,247,SUNY Geneseo,2,2,10,14
2018,478,SUNY Maritime,5,0,9,14
2018,526,SUNY Oneonta,3,2,9,14
2018,9500,SUNY Poly,2,0,12,14
2018,552,SUNY Potsdam,1,3,11,15
2018,685,Susquehanna,4,4,9,17
2018,686,Swarthmore,5,1,9,15
2018,688,Syracuse,3,3,7,13
2018,689,Tampa,8,1,8,17
2018,707,Thiel,1,4,10,15
2018,2758,Thomas (ME),0,0,11,11
2018,711,Towson,3,4,6,13
2018,28749,Transylvania,3,3,10,16
2018,30037,Trine,3,2,10,15
2018,713,Trinity (CT),2,3,9,14
2018,717,Tufts,3,0,11,14
2018,12830,Tusculum,3,4,6,13
2018,1255,U New England,3,1,12,16
2018,309,UIndy,3,3,7,13
2018,401,UMass Boston,2,3,10,15
2018,656,UMass Dartmouth,2,3,12,17
2018,368,UMass Lowell,5,4,7,16
2018,391,UMBC,2,5,6,13
2018,727,Union (NY),4,1,10,15
2018,730,Ursinus,1,5,8,14
2018,733,Utica,2,2,11,15
2018,745,Va. Wesleyan,3,4,9,16
2018,737,Vassar,1,5,9,15
2018,738,Vermont,7,1,6,14
2018,739,Villanova,6,2,6,14
2018,746,Virginia,6,2,7,15
2018,741,VMI,1,5,7,13
2018,747,Wabash,1,5,9,15
2018,748,Wagner,3,5,7,15
2018,30141,Walsh,1,6,6,13
2018,751,Wash. & Jeff.,2,6,9,17
2018,752,Wash. & Lee,6,3,8,17
2018,753,Washington Col.,5,2,8,15
2018,761,Wells,2,2,9,13
2018,762,Wentworth,5,1,9,15
2018,763,Wesley,1,5,10,16
2018,764,Wesleyan (CT),4,1,9,14
2018,770,Western Conn. St.,2,3,10,15
2018,775,Western New Eng.,3,3,11,17
2018,1451,Westminster (PA),1,2,10,13
2018,30209,Westminster (UT),3,4,9,16
2018,779,Wheaton (MA),3,2,10,15
2018,12799,Wheeling Jesuit,2,4,8,14
2018,8896,Wheelock,1,0,7,8
2018,781,Whittier,4,3,7,14
2018,783,Widener,1,5,9,15
2018,784,Wilkes,4,3,9,16
2018,17094,William Peace,3,6,6,15
2018,789,Williams,2,2,11,15
2018,1460,Wilmington (DE),1,3,8,12
2018,1461,Wilmington (OH),2,3,9,14
2018,1462,Wingate,3,4,7,14
2018,806,Wittenberg,3,4,8,15
2018,807,Wooster,5,2,8,15
2018,813,Yale,5,1,8,14
2018,815,York (PA),7,1,9,17
2018,30154,Young Harris,8,3,4,15
