year,team_id,team_name,wins,losses,ties,total_games
2003,3,Adelphi,10,2,0,12
2003,14,Albany (NY),3,13,0,16
2003,19,Allegheny,4,9,0,13
2003,23,American,11,8,0,19
2003,22,American Int'l,1,11,0,12
2003,24,Amherst,18,2,0,20
2003,36,Assumption,5,7,0,12
2003,44,Averett,0,10,0,10
2003,50,Bates,7,9,0,16
2003,56,Bentley,9,5,0,14
2003,62,Binghamton,0,12,0,12
2003,65,Bloomsburg,13,2,0,15
2003,67,Boston College,9,6,0,15
2003,68,Boston U.,14,5,0,19
2003,69,Bowdoin,9,6,0,15
2003,75,Bridgewater (VA),1,14,0,15
2003,76,Bridgewater St.,9,4,0,13
2003,78,Brockport,6,5,0,11
2003,80,Brown,5,9,0,14
2003,81,Bryant,12,6,0,18
2003,82,Bryn Mawr,4,12,0,16
2003,83,Bucknell,8,8,0,16
2003,85,Buffalo St.,5,9,0,14
2003,88,Cabrini,13,5,0,18
2003,107,California,11,6,0,17
2003,116,Canisius,0,12,0,12
2003,123,Castleton,1,8,0,9
2003,124,Catholic,2,11,0,13
2003,23624,Cazenovia,5,6,0,11
2003,14795,Cedar Crest,3,4,0,7
2003,12884,Centenary (NJ),0,8,0,8
2003,127,Central Conn. St.,4,9,0,13
2003,21323,Chestnut Hill,4,8,0,12
2003,139,Chris. Newport,7,7,0,14
2003,142,Claremont-M-S,10,3,0,13
2003,146,Clarkson,6,8,0,14
2003,151,Colby,13,4,0,17
2003,152,Colby-Sawyer,9,7,0,16
2003,153,Colgate,11,10,0,21
2003,154,Colorado Col.,8,6,0,14
2003,158,Columbia,5,9,0,14
2003,163,Connecticut Col.,4,10,0,14
2003,167,Cornell,11,5,0,16
2003,170,Curry,8,7,0,15
2003,172,Dartmouth,11,5,0,16
2003,173,Davidson,1,15,0,16
2003,180,Delaware,7,9,0,16
2003,182,Denison,11,6,0,17
2003,183,Denver,8,6,0,14
2003,185,Dickinson,3,11,0,14
2003,190,Drew,14,6,0,20
2003,191,Drexel,8,8,0,16
2003,193,Duke,13,5,0,18
2003,194,Duquesne,9,7,0,16
2003,195,Earlham,1,8,0,9
2003,197,East Stroudsburg,5,9,0,14
2003,8968,Eastern,12,3,0,15
2003,200,Eastern Conn. St.,10,6,0,16
2003,211,Elizabethtown,5,9,0,14
2003,213,Elmira,1,11,0,12
2003,532,Elms,1,9,0,10
2003,8981,Endicott,5,8,0,13
2003,220,Fairfield,8,9,0,17
2003,221,FDU-Florham,1,13,0,14
2003,225,Ferrum,3,7,0,10
2003,239,Frank. & Marsh.,14,5,0,19
2003,242,Fredonia,7,8,0,15
2003,243,Frostburg St.,6,8,0,14
2003,246,Gannon,8,7,0,15
2003,248,George Mason,9,8,0,17
2003,249,George Washington,7,8,0,15
2003,251,Georgetown,13,4,0,17
2003,258,Gettysburg,19,2,0,21
2003,1099,Gordon,11,5,0,16
2003,1467,Goucher,5,9,0,14
2003,263,Greensboro,13,4,0,17
2003,1112,Guilford,5,12,0,17
2003,267,Hamilton,7,6,0,13
2003,273,Hartwick,6,10,0,16
2003,275,Harvard,3,11,0,14
2003,276,Haverford,9,8,0,17
2003,282,Hobart,16,3,0,19
2003,283,Hofstra,8,8,0,16
2003,284,Hollins,2,9,0,11
2003,285,Holy Cross,7,10,0,17
2003,8404,Hood,2,10,0,12
2003,290,Howard,3,10,0,13
2003,303,Immaculata,3,9,0,12
2003,307,Indiana (PA),2,12,0,14
2003,313,Ithaca,14,3,0,17
2003,317,James Madison,13,6,0,19
2003,322,Johns Hopkins,11,5,0,16
2003,329,Kean,9,6,0,15
2003,330,Keene St.,9,8,0,17
2003,335,Kenyon,7,5,0,12
2003,340,La Salle,2,13,0,15
2003,342,Lafayette,3,13,0,16
2003,8486,Lasell,6,7,0,13
2003,349,Le Moyne,12,6,0,18
2003,352,Lehigh,10,4,0,14
2003,1174,Limestone,12,3,0,15
2003,1179,Linfield,3,3,0,6
2003,361,LIU Brooklyn,2,9,0,11
2003,362,LIU Post,11,2,0,13
2003,360,Lock Haven,8,8,0,16
2003,363,Longwood,13,2,0,15
2003,369,Loyola Maryland,17,2,0,19
2003,374,Lynchburg,7,7,0,14
2003,381,Manhattan,4,10,0,14
2003,386,Marist,8,9,0,17
2003,390,Mary Washington,10,6,0,16
2003,392,Maryland,18,4,0,22
2003,394,Marymount (VA),10,6,0,16
2003,400,Massachusetts,11,8,0,19
2003,773,McDaniel,6,9,0,15
2003,23725,Medaille,0,9,0,9
2003,408,Mercyhurst,8,7,0,15
2003,410,Merrimack,4,10,0,14
2003,412,Methodist,5,9,0,14
2003,420,Middlebury,16,1,0,17
2003,423,Millersville,7,7,0,14
2003,439,Monmouth,8,9,0,17
2003,442,Montclair St.,7,8,0,15
2003,443,Moravian,0,13,0,13
2003,449,Mount Holyoke,7,10,0,17
2003,450,Mt. St. Mary's,9,10,0,19
2003,453,Muhlenberg,8,7,0,15
2003,461,Nazareth,11,6,0,17
2003,467,New England Col.,4,11,0,15
2003,469,New Hampshire,5,12,0,17
2003,470,New Haven,6,7,0,13
2003,484,Nichols,3,7,0,10
2003,457,North Carolina,7,9,0,16
2003,509,Northwestern,8,8,0,16
2003,513,Notre Dame,8,7,0,15
2003,8600,Notre Dame (MD),9,8,0,17
2003,519,Ohio,5,10,0,15
2003,518,Ohio St.,14,4,0,18
2003,520,Ohio Wesleyan,8,7,0,15
2003,523,Old Dominion,12,4,0,16
2003,530,Oswego St.,9,8,0,17
2003,540,Penn,6,10,0,16
2003,539,Penn St.,9,8,0,17
2003,543,Philadelphia U.,9,7,0,16
2003,548,Plymouth St.,14,3,0,17
2003,554,Princeton,16,4,0,20
2003,562,Quinnipiac,8,8,0,16
2003,565,Randolph-Macon,11,5,0,16
2003,567,Redlands,8,6,0,14
2003,568,Regis (CO),2,10,0,12
2003,570,Rensselaer,5,9,0,14
2003,571,Rhode Island Col.,3,10,0,13
2003,575,Richmond,10,7,0,17
2003,578,Roanoke,11,6,0,17
2003,581,Rochester (NY),6,6,0,12
2003,580,Rochester Inst.,5,6,0,11
2003,15882,Rosemont,11,7,0,18
2003,259,Rowan,7,7,0,14
2003,590,Sacred Heart,10,6,0,16
2003,600,Saint Francis (PA),0,12,0,12
2003,606,Saint Joseph's,4,11,0,15
2003,613,Saint Michael's,7,6,0,13
2003,622,Salisbury,13,2,0,15
2003,623,Salve Regina,7,6,0,13
2003,633,Scranton,13,4,0,17
2003,637,Shenandoah,6,6,0,12
2003,638,Shippensburg,3,9,0,12
2003,639,Siena,3,12,0,15
2003,642,Skidmore,12,3,0,15
2003,644,Smith,1,12,0,13
2003,658,Southern Conn. St.,1,10,0,11
2003,662,Southern Me.,4,11,0,15
2003,673,Springfield,11,7,0,18
2003,593,St. Anselm,4,9,0,13
2003,596,St. Bonaventure,12,5,0,17
2003,601,St. John Fisher,11,5,0,16
2003,607,St. Lawrence,11,6,0,17
2003,610,St. Mary's (CA),8,9,0,17
2003,611,St. Mary's (MD),14,4,0,18
2003,674,Stanford,14,4,0,18
2003,679,Stevens,15,3,0,18
2003,21852,Stevenson,7,7,0,14
2003,682,Stonehill,17,2,0,19
2003,168,SUNY Cortland,14,5,0,19
2003,247,SUNY Geneseo,8,7,0,15
2003,475,SUNY New Paltz,1,11,0,12
2003,526,SUNY Oneonta,11,4,0,15
2003,552,SUNY Potsdam,2,10,0,12
2003,685,Susquehanna,8,6,0,14
2003,686,Swarthmore,6,11,0,17
2003,712,TCNJ,15,1,0,16
2003,690,Temple,13,6,0,19
2003,711,Towson,7,9,0,16
2003,713,Trinity (CT),9,7,0,16
2003,717,Tufts,6,6,0,12
2003,1255,U New England,4,8,0,12
2003,108,UC Davis,9,8,0,17
2003,164,UConn,8,8,0,16
2003,391,UMBC,10,9,0,19
2003,727,Union (NY),11,5,0,16
2003,733,Utica,6,8,0,14
2003,745,Va. Wesleyan,11,5,0,16
2003,736,Vanderbilt,7,8,0,15
2003,737,Vassar,4,11,0,15
2003,738,Vermont,4,10,0,14
2003,739,Villanova,4,13,0,17
2003,746,Virginia,17,5,0,22
2003,742,Virginia Tech,3,14,0,17
2003,748,Wagner,7,10,0,17
2003,752,Wash. & Lee,15,3,0,18
2003,753,Washington Col.,14,6,0,20
2003,761,Wells,4,8,0,12
2003,763,Wesley,9,6,0,15
2003,764,Wesleyan (CT),6,8,0,14
2003,765,West Chester,10,7,0,17
2003,770,Western Conn. St.,7,10,0,17
2003,775,Western New Eng.,11,7,0,18
2003,779,Wheaton (MA),11,4,0,15
2003,783,Widener,11,5,0,16
2003,784,Wilkes,3,10,0,13
2003,786,William & Mary,3,13,0,16
2003,806,Wittenberg,8,6,0,14
2003,807,Wooster,12,4,0,16
2003,813,Yale,14,4,0,18
