year,team_id,team_name,wins,losses,ties,total_games
2016,929,Adams St.,0,11,0,11
2016,3,Adelphi,21,1,0,22
2016,4,Adrian,4,11,0,15
2016,10,Ala.-Huntsville,14,4,0,18
2016,14,Albany (NY),11,6,0,17
2016,2798,Albertus Magnus,1,12,0,13
2016,15,Albion,10,7,0,17
2016,16,Albright,11,7,0,18
2016,934,Alderson Broaddus,9,10,0,19
2016,18,Alfred,4,13,0,17
2016,19,Allegheny,9,9,0,18
2016,21,Alma,6,8,0,14
2016,938,Alvernia,6,9,0,15
2016,23,American,5,12,0,17
2016,22,American Int'l,9,9,0,18
2016,24,Amherst,13,5,0,18
2016,966,Arcadia,6,10,0,16
2016,725,Army West Point,5,12,0,17
2016,36,Assumption,6,11,0,17
2016,38,Augsburg,11,7,0,18
2016,40,Augustana (IL),18,3,0,21
2016,42,Aurora,10,9,0,19
2016,45,Babson,13,4,0,17
2016,46,Baldwin Wallace,11,7,0,18
2016,962,Bard,4,12,0,16
2016,50,Bates,12,5,0,17
2016,26520,Bay Path,0,11,0,11
2016,26107,Becker,8,10,0,18
2016,2683,Belmont Abbey,11,7,0,18
2016,53,Beloit,3,11,0,14
2016,296,Benedictine (IL),7,9,0,16
2016,56,Bentley,13,6,0,19
2016,973,Berry,8,8,0,16
2016,62,Binghamton,6,11,0,17
2016,28593,Birmingham-So.,12,5,0,17
2016,65,Bloomsburg,4,11,0,15
2016,67,Boston College,10,9,0,19
2016,68,Boston U.,10,8,0,18
2016,69,Bowdoin,7,8,0,15
2016,30094,Brevard,9,7,0,16
2016,74,Bridgeport,5,10,0,15
2016,75,Bridgewater (VA),9,9,0,18
2016,76,Bridgewater St.,12,6,0,18
2016,78,Brockport,15,4,0,19
2016,80,Brown,6,9,0,15
2016,81,Bryant,13,5,0,18
2016,30188,Bryn Athyn,4,7,0,11
2016,82,Bryn Mawr,7,10,0,17
2016,83,Bucknell,10,8,0,18
2016,85,Buffalo St.,5,12,0,17
2016,88,Cabrini,14,6,0,20
2016,995,Caldwell,5,10,0,15
2016,107,California,4,12,0,16
2016,114,Calvin,12,6,0,18
2016,115,Campbell,10,9,0,19
2016,116,Canisius,13,7,0,20
2016,117,Capital,12,5,0,17
2016,120,Carroll (WI),4,14,0,18
2016,121,Carthage,11,6,0,17
2016,123,Castleton,12,6,0,18
2016,1001,Catawba,8,10,0,18
2016,124,Catholic,13,8,0,21
2016,23624,Cazenovia,10,6,0,16
2016,14795,Cedar Crest,0,14,0,14
2016,12884,Centenary (NJ),5,11,0,16
2016,127,Central Conn. St.,3,13,0,16
2016,129,Central Mich.,6,10,0,16
2016,132,Centre,12,5,0,17
2016,134,Chapman,15,5,0,20
2016,1013,Charleston (WV),1,11,0,12
2016,21323,Chestnut Hill,11,8,0,19
2016,8875,Chowan,1,13,0,14
2016,139,Chris. Newport,11,5,0,16
2016,140,Cincinnati,4,13,0,17
2016,142,Claremont-M-S,13,4,0,17
2016,146,Clarkson,12,4,0,16
2016,722,Coast Guard,2,14,0,16
2016,149,Coastal Caro.,11,7,0,18
2016,1023,Coker,8,7,0,15
2016,151,Colby,12,4,0,16
2016,152,Colby-Sawyer,12,7,0,19
2016,153,Colgate,8,9,0,17
2016,157,Colorado,13,5,0,18
2016,154,Colorado Col.,14,3,0,17
2016,11416,Colorado Mesa,10,4,0,14
2016,2720,Colorado St.-Pueblo,8,8,0,16
2016,158,Columbia,6,9,0,15
2016,160,Concordia Chicago,0,15,0,15
2016,1036,Concordia Wisconsin,15,3,0,18
2016,163,Connecticut Col.,5,10,0,15
2016,8935,Converse,3,11,0,14
2016,167,Cornell,14,5,0,19
2016,166,Cornell College,1,14,0,15
2016,170,Curry,10,8,0,18
2016,1044,Dallas,4,8,0,12
2016,2691,Daniel Webster,2,11,0,13
2016,172,Dartmouth,7,8,0,15
2016,173,Davidson,8,9,0,17
2016,174,Davis & Elkins,1,10,0,11
2016,180,Delaware,11,6,0,17
2016,178,Delaware St.,2,9,0,11
2016,179,Delaware Valley,5,9,0,14
2016,182,Denison,13,6,0,19
2016,183,Denver,9,9,0,18
2016,177,DePauw,5,11,0,16
2016,184,Detroit Mercy,12,8,0,20
2016,185,Dickinson,10,8,0,18
2016,186,Dist. Columbia,1,13,0,14
2016,8956,Dominican (NY),3,12,0,15
2016,2692,Dowling,17,4,0,21
2016,190,Drew,7,11,0,18
2016,191,Drexel,10,7,0,17
2016,192,Dubuque,11,6,0,17
2016,193,Duke,11,9,0,20
2016,194,Duquesne,9,8,0,17
2016,197,East Stroudsburg,12,5,0,17
2016,8968,Eastern,4,13,0,17
2016,200,Eastern Conn. St.,11,6,0,17
2016,209,Edinboro,7,10,0,17
2016,211,Elizabethtown,7,9,0,16
2016,212,Elmhurst,4,12,0,16
2016,213,Elmira,6,9,0,15
2016,532,Elms,7,10,0,17
2016,1068,Elon,10,7,0,17
2016,214,Emerson,9,8,0,17
2016,30193,Emmanuel (GA),8,8,0,16
2016,215,Emmanuel (MA),11,5,0,16
2016,8981,Endicott,8,10,0,18
2016,1072,Erskine,0,10,0,10
2016,220,Fairfield,9,9,0,18
2016,27892,Farmingdale St.,8,10,0,18
2016,221,FDU-Florham,14,7,0,21
2016,23157,Felician,0,11,0,11
2016,225,Ferrum,6,10,0,16
2016,1079,Findlay,12,8,1,21
2016,227,Fitchburg St.,14,5,0,19
2016,233,Fla. Southern,19,3,0,22
2016,235,Florida,18,2,0,20
2016,230,Florida Tech,10,7,0,17
2016,1083,Fort Lewis,8,6,0,14
2016,238,Framingham St.,9,9,0,18
2016,30069,Franciscan,8,5,0,13
2016,239,Frank. & Marsh.,21,3,0,24
2016,2694,Franklin,6,6,0,12
2016,241,Franklin Pierce,8,8,0,16
2016,242,Fredonia,7,10,0,17
2016,96,Fresno St.,5,10,0,15
2016,243,Frostburg St.,6,8,0,14
2016,244,Furman,12,7,0,19
2016,246,Gannon,6,11,0,17
2016,1092,Gardner-Webb,4,13,0,17
2016,1094,George Fox,9,5,0,14
2016,248,George Mason,12,5,0,17
2016,249,George Washington,4,13,0,17
2016,251,Georgetown,6,11,0,17
2016,9004,Georgian Court,7,12,0,19
2016,258,Gettysburg,18,3,0,21
2016,1099,Gordon,6,10,0,16
2016,1467,Goucher,8,8,0,16
2016,262,Grand Valley St.,15,5,1,21
2016,11062,Green Mountain,5,9,0,14
2016,263,Greensboro,12,4,0,16
2016,1112,Guilford,7,10,0,17
2016,12399,Gwynedd Mercy,4,12,0,16
2016,267,Hamilton,10,6,0,16
2016,268,Hamline,9,5,0,14
2016,1115,Hanover,5,11,0,16
2016,273,Hartwick,5,10,0,15
2016,275,Harvard,9,7,0,16
2016,276,Haverford,10,7,0,17
2016,1124,Hendrix,7,7,0,14
2016,19651,High Point,13,6,0,19
2016,8398,Hilbert,0,12,0,12
2016,281,Hiram,4,13,0,17
2016,283,Hofstra,3,13,0,16
2016,284,Hollins,0,14,0,14
2016,285,Holy Cross,3,14,0,17
2016,1126,Holy Family,7,12,0,19
2016,8404,Hood,4,13,0,17
2016,286,Hope,7,6,0,13
2016,30160,Houghton,5,11,0,16
2016,290,Howard,0,14,0,14
2016,1130,Huntingdon,6,9,0,15
2016,1133,Husson,7,7,0,14
2016,30172,IIT,10,4,0,14
2016,300,Ill. Wesleyan,15,4,0,19
2016,303,Immaculata,8,11,0,19
2016,307,Indiana (PA),13,6,0,19
2016,310,Iona,9,9,0,18
2016,313,Ithaca,14,7,0,21
2016,316,Jacksonville,13,5,0,18
2016,317,James Madison,10,10,0,20
2016,320,John Carroll,11,5,0,16
2016,322,Johns Hopkins,11,8,0,19
2016,22626,Johnson & Wales (RI),13,6,0,19
2016,324,Johnson St.,1,10,0,11
2016,326,Kalamazoo,5,11,0,16
2016,329,Kean,12,5,0,17
2016,330,Keene St.,12,8,0,20
2016,1157,Kennesaw St.,5,12,0,17
2016,335,Kenyon,10,4,0,14
2016,1159,Keuka,6,9,0,15
2016,30047,Keystone,4,7,0,11
2016,336,King's (PA),6,10,0,16
2016,339,Kutztown,7,10,0,17
2016,340,La Salle,5,11,0,16
2016,342,Lafayette,6,11,0,17
2016,1162,LaGrange,1,13,0,14
2016,2746,Lake Erie,6,11,0,17
2016,30085,Lancaster Bible,8,9,0,17
2016,8486,Lasell,13,7,0,20
2016,349,Le Moyne,18,3,0,21
2016,351,Lebanon Valley,11,8,0,19
2016,13302,Lees-McRae,5,12,0,17
2016,352,Lehigh,13,5,0,18
2016,1170,Lenoir-Rhyne,11,7,0,18
2016,355,Liberty,5,13,0,18
2016,1174,Limestone,15,4,0,19
2016,1176,Lincoln Memorial,3,12,0,15
2016,30136,Lindenwood (MO),17,3,0,20
2016,1179,Linfield,0,15,0,15
2016,361,LIU Brooklyn,5,12,0,17
2016,362,LIU Post,17,4,0,21
2016,360,Lock Haven,14,5,0,19
2016,363,Longwood,8,10,0,18
2016,364,Loras,5,10,0,15
2016,367,Louisville,12,6,0,18
2016,369,Loyola Maryland,14,6,0,20
2016,373,Lycoming,12,5,0,17
2016,374,Lynchburg,12,6,0,18
2016,378,Maine Maritime,0,15,0,15
2016,381,Manhattan,4,13,0,17
2016,382,Manhattanville,6,10,0,16
2016,386,Marist,9,8,0,17
2016,387,Marquette,7,10,0,17
2016,390,Mary Washington,15,5,0,20
2016,392,Maryland,22,1,0,23
2016,394,Marymount (VA),10,9,0,19
2016,397,Marywood,8,10,0,18
2016,399,Mass. Maritime,4,10,0,14
2016,400,Massachusetts,20,2,0,22
2016,773,McDaniel,5,11,0,16
2016,30138,McKendree,9,10,0,19
2016,486,MCLA,3,11,0,14
2016,379,Me.-Farmington,5,8,0,13
2016,23725,Medaille,10,7,0,17
2016,406,Mercer,7,11,0,18
2016,724,Merchant Marine,8,6,0,14
2016,407,Mercy,12,7,0,19
2016,408,Mercyhurst,17,3,0,20
2016,409,Meredith,17,2,0,19
2016,410,Merrimack,4,13,0,17
2016,411,Messiah,14,6,0,20
2016,412,Methodist,8,8,0,16
2016,418,Michigan,6,12,0,18
2016,420,Middlebury,22,1,0,23
2016,423,Millersville,11,7,0,18
2016,16142,Misericordia,10,9,0,19
2016,398,MIT,12,6,0,18
2016,30042,Mitchell,5,7,0,12
2016,437,Molloy,11,8,0,19
2016,439,Monmouth,12,8,0,20
2016,442,Montclair St.,12,6,0,18
2016,1238,Montevallo,5,12,0,17
2016,443,Moravian,6,10,0,16
2016,30067,Morrisville St.,9,9,0,18
2016,449,Mount Holyoke,3,11,0,14
2016,27901,Mount Ida,4,14,0,18
2016,1245,Mount Olive,13,6,0,19
2016,452,Mount Union,16,4,0,20
2016,8567,Mt. St. Joseph,7,9,0,16
2016,1468,Mt. St. Mary (NY),7,8,0,15
2016,450,Mt. St. Mary's,5,12,0,17
2016,451,Mt. St. Vincent,0,13,0,13
2016,453,Muhlenberg,13,5,0,18
2016,455,Muskingum,6,12,0,18
2016,726,Navy,13,6,0,19
2016,461,Nazareth,11,6,0,17
2016,1254,Neumann,13,6,0,19
2016,467,New England Col.,11,8,0,19
2016,469,New Hampshire,6,11,0,17
2016,470,New Haven,13,7,0,20
2016,1257,Newberry,5,11,0,16
2016,482,Niagara,9,9,0,18
2016,484,Nichols,3,13,0,16
2016,457,North Carolina,20,2,0,22
2016,492,North Central (IL),13,5,0,18
2016,9223,North Greenville,9,9,0,18
2016,509,Northwestern,11,10,0,21
2016,30031,Northwestern-St. Paul,2,13,0,15
2016,511,Norwich,6,10,0,16
2016,513,Notre Dame,14,7,0,21
2016,8600,Notre Dame (MD),3,10,0,13
2016,30126,Notre Dame (OH),6,6,0,12
2016,1277,Nyack,5,11,0,16
2016,515,Oberlin,10,7,0,17
2016,516,Occidental,8,11,0,19
2016,2713,Oglethorpe,3,12,0,15
2016,517,Ohio Northern,7,9,0,16
2016,518,Ohio St.,11,6,0,17
2016,520,Ohio Wesleyan,7,9,0,16
2016,30202,Okla. Baptist,4,7,0,11
2016,523,Old Dominion,16,4,0,20
2016,524,Old Westbury,6,12,0,18
2016,525,Olivet,0,11,0,11
2016,529,Oregon,9,8,0,17
2016,530,Oswego St.,12,4,0,16
2016,531,Otterbein,5,10,0,15
2016,533,Pace,10,8,0,18
2016,2751,Pacific (OR),10,4,0,14
2016,540,Penn,15,5,0,20
2016,539,Penn St.,14,7,0,21
2016,30114,Penn St.-Abington,3,13,0,16
2016,542,Pfeiffer,6,12,0,18
2016,543,Philadelphia U.,14,5,0,19
2016,21830,Piedmont,10,7,0,17
2016,548,Plymouth St.,11,7,0,18
2016,549,Pomona-Pitzer,16,4,0,20
2016,1318,Post,1,14,0,15
2016,1320,Presbyterian,3,15,0,18
2016,554,Princeton,11,6,0,17
2016,557,Puget Sound,2,12,0,14
2016,30029,Purchase,9,4,0,13
2016,11504,Queens (NC),18,3,0,21
2016,560,Queens (NY),8,8,0,16
2016,562,Quinnipiac,3,13,0,16
2016,563,Radford,1,14,0,15
2016,564,Ramapo,6,10,0,16
2016,566,Randolph,2,15,0,17
2016,565,Randolph-Macon,12,6,0,18
2016,567,Redlands,10,8,0,18
2016,568,Regis (CO),15,3,0,18
2016,569,Regis (MA),12,7,0,19
2016,570,Rensselaer,7,8,0,15
2016,571,Rhode Island Col.,4,10,0,14
2016,573,Rhodes,13,5,0,18
2016,575,Richmond,9,10,0,19
2016,580,RIT,8,8,0,16
2016,18422,Rivier,6,12,0,18
2016,578,Roanoke,9,9,0,18
2016,579,Robert Morris,9,8,0,17
2016,30150,Roberts Wesleyan,7,9,0,16
2016,581,Rochester (NY),4,12,0,16
2016,1328,Rockhurst,7,9,0,16
2016,583,Roger Williams,15,4,0,19
2016,584,Rollins,15,4,0,19
2016,15882,Rosemont,3,12,0,15
2016,259,Rowan,11,6,0,17
2016,587,Rutgers,6,12,0,18
2016,588,Rutgers-Camden,7,8,0,15
2016,590,Sacred Heart,8,8,0,16
2016,11036,Sage Colleges,5,10,0,15
2016,600,Saint Francis (PA),4,12,0,16
2016,606,Saint Joseph's,9,10,0,19
2016,608,Saint Leo,3,12,0,15
2016,610,Saint Mary's (CA),0,14,0,14
2016,613,Saint Michael's,3,13,0,16
2016,30064,Saint Vincent,8,11,0,19
2016,621,Salem St.,7,8,0,15
2016,622,Salisbury,18,3,0,21
2016,623,Salve Regina,4,11,0,15
2016,626,San Diego St.,4,11,0,15
2016,633,Scranton,11,7,0,18
2016,30063,Seton Hill,8,10,0,18
2016,652,Sewanee,7,10,0,17
2016,637,Shenandoah,5,12,0,17
2016,10870,Shepherd,9,9,0,18
2016,638,Shippensburg,5,11,0,16
2016,30151,Shorter,4,12,0,16
2016,639,Siena,7,10,0,17
2016,640,Simmons,8,9,0,17
2016,642,Skidmore,10,8,0,18
2016,643,Slippery Rock,9,8,0,17
2016,644,Smith,5,11,0,16
2016,657,Southern California,20,1,0,21
2016,658,Southern Conn. St.,4,13,0,17
2016,662,Southern Me.,6,10,0,16
2016,468,Southern N.H.,12,6,0,18
2016,30164,Southern Va.,7,10,0,17
2016,1379,Southern Vt.,7,11,0,18
2016,8746,Southwestern (TX),8,8,0,16
2016,673,Springfield,15,6,0,21
2016,593,St. Anselm,7,8,0,15
2016,596,St. Bonaventure,3,14,0,17
2016,9684,St. Elizabeth,1,14,0,15
2016,601,St. John Fisher,17,4,0,21
2016,8687,St. Joseph (CT),4,11,0,15
2016,1340,St. Joseph's (L.I.),14,5,0,19
2016,605,St. Joseph's (ME),16,3,0,19
2016,607,St. Lawrence,10,8,0,18
2016,8688,St. Mary's (IN),8,9,0,17
2016,611,St. Mary's (MD),16,4,0,20
2016,1348,St. Thomas Aquinas,10,7,0,17
2016,674,Stanford,15,5,0,20
2016,678,Stetson,5,12,0,17
2016,679,Stevens,10,7,0,17
2016,21852,Stevenson,10,9,0,19
2016,681,Stockton,13,6,0,19
2016,682,Stonehill,9,9,0,18
2016,683,Stony Brook,17,4,0,21
2016,30165,SUNY Canton,11,5,0,16
2016,168,SUNY Cortland,21,1,0,22
2016,247,SUNY Geneseo,12,6,0,18
2016,478,SUNY Maritime,4,9,0,13
2016,475,SUNY New Paltz,3,13,0,16
2016,526,SUNY Oneonta,6,11,0,17
2016,9500,SUNY Poly,13,4,0,17
2016,552,SUNY Potsdam,7,9,0,16
2016,685,Susquehanna,8,9,0,17
2016,686,Swarthmore,5,11,0,16
2016,687,Sweet Briar,1,7,0,8
2016,688,Syracuse,19,6,0,25
2016,689,Tampa,5,10,0,15
2016,712,TCNJ,20,2,0,22
2016,690,Temple,13,6,0,19
2016,707,Thiel,0,11,0,11
2016,2758,Thomas (ME),2,9,0,11
2016,1402,Thomas More,2,11,0,13
2016,1403,Tiffin,12,6,0,18
2016,711,Towson,16,4,0,20
2016,28749,Transylvania,13,4,0,17
2016,30037,Trine,1,11,0,12
2016,713,Trinity (CT),19,4,0,23
2016,717,Tufts,9,7,0,16
2016,12830,Tusculum,11,6,0,17
2016,1255,U New England,11,7,0,18
2016,108,UC Davis,7,8,0,15
2016,164,UConn,12,5,0,17
2016,309,UIndy,6,12,0,18
2016,656,UMass Dartmouth,8,8,0,16
2016,368,UMass Lowell,1,16,0,17
2016,391,UMBC,9,8,0,17
2016,727,Union (NY),11,5,0,16
2016,30104,Urbana,1,13,0,14
2016,730,Ursinus,8,8,0,16
2016,30140,Ursuline,9,8,0,17
2016,733,Utica,9,7,0,16
2016,30181,UVa-Wise,11,5,0,16
2016,745,Va. Wesleyan,4,13,0,17
2016,736,Vanderbilt,5,11,0,16
2016,737,Vassar,6,9,0,15
2016,740,VCU,3,14,0,17
2016,738,Vermont,6,10,0,16
2016,739,Villanova,4,13,0,17
2016,746,Virginia,9,9,0,18
2016,742,Virginia Tech,5,13,0,18
2016,748,Wagner,10,9,0,19
2016,30141,Walsh,5,12,0,17
2016,750,Wartburg,7,10,0,17
2016,751,Wash. & Jeff.,13,4,0,17
2016,752,Wash. & Lee,13,6,0,19
2016,753,Washington Col.,11,7,0,18
2016,1434,Waynesburg,2,11,0,13
2016,760,Wellesley,9,8,0,17
2016,761,Wells,4,11,0,15
2016,762,Wentworth,2,14,0,16
2016,763,Wesley,3,12,0,15
2016,764,Wesleyan (CT),5,9,0,14
2016,765,West Chester,17,3,0,20
2016,9630,West Va. Wesleyan,6,9,0,15
2016,770,Western Conn. St.,6,9,0,15
2016,775,Western New Eng.,12,7,0,19
2016,777,Westfield St.,14,5,0,19
2016,30209,Westminster (UT),2,9,0,11
2016,779,Wheaton (MA),9,9,0,18
2016,12799,Wheeling Jesuit,12,6,0,18
2016,8896,Wheelock,9,8,0,17
2016,780,Whitman,4,10,0,14
2016,781,Whittier,7,11,0,18
2016,783,Widener,5,10,0,15
2016,784,Wilkes,12,5,0,17
2016,786,William & Mary,7,9,0,16
2016,30073,William Smith,12,8,0,20
2016,789,Williams,5,11,0,16
2016,1460,Wilmington (DE),4,12,0,16
2016,1461,Wilmington (OH),2,14,0,16
2016,1462,Wingate,12,5,0,17
2016,792,Winthrop,20,3,0,23
2016,806,Wittenberg,13,4,0,17
2016,807,Wooster,11,6,0,17
2016,809,Worcester St.,9,10,0,19
2016,813,Yale,5,10,0,15
2016,815,York (PA),12,7,0,19
2016,30154,Young Harris,13,5,0,18
